[gd_scene format=3 uid="uid://b3jel7l5g2r44"]

[ext_resource type="PackedScene" uid="uid://bvskgl6kwvr07" path="res://enemies/model/Personaje con animaciones.glb" id="1_8efqo"]

[node name="Personaje con animaciones" unique_id=1263074501 instance=ExtResource("1_8efqo")]

[node name="Skeleton3D" parent="Armature" parent_id_path=PackedInt32Array(135385113) index="0" unique_id=998645101]
bones/0/rest = Transform3D(1, 0, 0, 0, 1, 9.7288776e-08, 0, -9.7288776e-08, 1, 0, 3.5860364, 0.04868258)
bones/0/position = Vector3(0, 3.5860364, 0.04868258)
bones/1/rest = Transform3D(1, 0, 0, 0, 0.9847194, 0.17414854, 0, -0.17414854, 0.9847194, 0, 0.35994363, -0.063656226)
bones/1/position = Vector3(0, 0.35994363, -0.063656226)
bones/2/rest = Transform3D(1, 0, 0, 0, 1, -1.4901161e-08, 0, 1.4901161e-08, 1, 0, 0.42644984, 4.4703484e-08)
bones/2/position = Vector3(0, 0.42644984, 4.4703484e-08)
bones/3/rest = Transform3D(1, 0, 0, 0, 1, 1.4901161e-08, 0, -1.4901161e-08, 1, 0, 0.48737115, -1.4901161e-08)
bones/3/position = Vector3(0, 0.48737115, -1.4901161e-08)
bones/4/rest = Transform3D(1, 0, 0, 0, 0.9847194, -0.17414854, 0, 0.17414854, 0.9847194, 0, 0.54829353, 5.9604645e-08)
bones/4/position = Vector3(0, 0.54829353, 5.9604645e-08)
bones/5/rest = Transform3D(1, 0, 0, 0, 1, 0, 0, 0, 1, 0, 0.33868647, 0.16186284)
bones/5/position = Vector3(0, 0.33868647, 0.16186284)
bones/6/rest = Transform3D(1, 0, 0, 0, 1, -3.8760007e-08, 0, 3.8760007e-08, 1, 0, 0.6937394, 0.33154738)
bones/6/position = Vector3(0, 0.6937394, 0.33154738)
bones/7/rest = Transform3D(-0.041814677, 0.9657542, -0.25606647, -0.00055664766, -0.25631306, -0.96659356, -0.99912506, -0.040275265, 0.011255236, 0.23687948, 0.48368445, -0.010183096)
bones/7/position = Vector3(0.23687948, 0.48368445, -0.010183096)
bones/8/rest = Transform3D(0.9999786, 0.0064308695, 0.0012065123, -0.006543068, 0.9828359, 0.1843665, -1.6682316e-07, -0.18437044, 0.9828569, -1.3038516e-08, 0.4918933, -3.2410026e-07)
bones/8/position = Vector3(-1.3038516e-08, 0.4918933, -3.2410026e-07)
bones/9/rest = Transform3D(0.97198236, -0.23504588, 0.0018837911, 0.2350534, 0.97195125, -0.007790905, 2.6705672e-07, 0.008015416, 0.99996775, 1.7881393e-07, 1.1902092, 7.0407987e-07)
bones/9/position = Vector3(1.7881393e-07, 1.1902092, 7.0407987e-07)
bones/10/rest = Transform3D(0.89021057, 0.09279498, 0.445998, 0.008286603, 0.97557294, -0.21951914, -0.4554739, 0.19911405, 0.8676964, 3.7252903e-08, 1.0637469, 3.8929284e-07)
bones/10/position = Vector3(3.7252903e-08, 1.0637469, 3.8929284e-07)
bones/11/rest = Transform3D(0.79077864, -0.61210203, 1.9216657e-06, 0.61210203, 0.79077864, -3.1937266e-06, 4.3527427e-07, 3.7017865e-06, 0.99999994, -0.06342784, 0.097509846, -7.287599e-07)
bones/11/position = Vector3(-0.06342784, 0.097509846, -7.287599e-07)
bones/12/rest = Transform3D(1, 8.6550443e-07, -5.7558555e-07, -9.766513e-07, 0.97191447, -0.23533437, 3.5573694e-07, 0.23533437, 0.97191447, 0.0076229833, 0.09274637, -8.074567e-07)
bones/12/position = Vector3(0.0076229833, 0.09274637, -8.074567e-07)
bones/13/rest = Transform3D(1, -2.47288e-06, 2.0201874e-06, 1.7795388e-06, 0.95689315, 0.29044002, -2.651327e-06, -0.29044, 0.9568932, -0.030373171, 0.12813652, -1.6018748e-07)
bones/13/position = Vector3(-0.030373171, 0.12813652, -1.6018748e-07)
bones/14/rest = Transform3D(1, 1.1194489e-06, -5.438941e-07, -1.1194505e-06, 1, -3.0808148e-06, 5.438907e-07, 3.0808153e-06, 1, 0.022750586, 0.13372602, -2.9057264e-07)
bones/14/position = Vector3(0.022750586, 0.13372602, -2.9057264e-07)
bones/15/rest = Transform3D(0.99193054, -0.1226113, 0.032247856, 0.1267811, 0.95930636, -0.25230494, -1.3783571e-07, 0.25435746, 0.9671102, -7.450581e-09, 0.21491835, 0.0028775483)
bones/15/position = Vector3(-7.450581e-09, 0.21491835, 0.0028775483)
bones/16/rest = Transform3D(0.99999994, 8.2640497e-07, -7.457363e-08, -8.2762415e-07, 0.99983466, -0.01818051, 5.953684e-08, 0.01818051, 0.9998346, -0.005072428, 0.19104166, -1.0402873e-06)
bones/16/position = Vector3(-0.005072428, 0.19104166, -1.0402873e-06)
bones/17/rest = Transform3D(1, -1.403877e-06, 1.597113e-07, 1.3230353e-06, 0.97004944, 0.24290721, -4.959398e-07, -0.24290721, 0.97004944, -0.0059690615, 0.17274544, 5.7858415e-08)
bones/17/position = Vector3(-0.0059690615, 0.17274544, 5.7858415e-08)
bones/18/rest = Transform3D(1.0000001, 5.252659e-07, 2.719463e-07, -5.2526605e-07, 1, 3.7252897e-07, -2.7194613e-07, -3.7252912e-07, 1, 0.011041798, 0.15059616, -2.02097e-07)
bones/18/position = Vector3(0.011041798, 0.15059616, -2.02097e-07)
bones/19/rest = Transform3D(0.79077864, -0.61210203, 1.9216657e-06, 0.61210203, 0.79077864, -3.1937266e-06, 4.3527427e-07, 3.7017865e-06, 0.99999994, -0.06342784, 0.097509846, -7.287599e-07)
bones/19/position = Vector3(-0.06342784, 0.097509846, -7.287599e-07)
bones/20/rest = Transform3D(1, 8.6550443e-07, -5.7558555e-07, -9.766513e-07, 0.97191447, -0.23533437, 3.5573694e-07, 0.23533437, 0.97191447, 0.0076229833, 0.09274637, -8.074567e-07)
bones/20/position = Vector3(0.0076229833, 0.09274637, -8.074567e-07)
bones/21/rest = Transform3D(1, -2.47288e-06, 2.0201874e-06, 1.7795388e-06, 0.95689315, 0.29044002, -2.651327e-06, -0.29044, 0.9568932, -0.030373171, 0.12813652, -1.6018748e-07)
bones/21/position = Vector3(-0.030373171, 0.12813652, -1.6018748e-07)
bones/22/rest = Transform3D(0.99193054, -0.1226113, 0.032247856, 0.1267811, 0.95930636, -0.25230494, -1.3783571e-07, 0.25435746, 0.9671102, -7.450581e-09, 0.21491835, 0.0028775483)
bones/22/position = Vector3(-7.450581e-09, 0.21491835, 0.0028775483)
bones/23/rest = Transform3D(0.99999994, 8.2640497e-07, -7.457363e-08, -8.2762415e-07, 0.99983466, -0.01818051, 5.953684e-08, 0.01818051, 0.9998346, -0.005072428, 0.19104166, -1.0402873e-06)
bones/23/position = Vector3(-0.005072428, 0.19104166, -1.0402873e-06)
bones/24/rest = Transform3D(1, -1.403877e-06, 1.597113e-07, 1.3230353e-06, 0.97004944, 0.24290721, -4.959398e-07, -0.24290721, 0.97004944, -0.0059690615, 0.17274544, 5.7858415e-08)
bones/24/position = Vector3(-0.0059690615, 0.17274544, 5.7858415e-08)
bones/25/rest = Transform3D(-0.051932227, -0.96575475, 0.25420776, 0.0005680026, -0.25457987, -0.9670516, 0.9986507, -0.050076764, 0.013769442, -0.23687948, 0.48411074, -0.012593627)
bones/25/position = Vector3(-0.23687948, 0.48411074, -0.012593627)
bones/26/rest = Transform3D(0.99996555, 0.008161499, 0.001508984, -0.008299826, 0.9833012, 0.1817955, -6.2107574e-08, -0.18180175, 0.98333514, 0, 0.49189302, -1.3038516e-07)
bones/26/position = Vector3(0, 0.49189302, -1.3038516e-07)
bones/27/rest = Transform3D(0.97221744, 0.23407052, -0.002033034, -0.23407935, 0.97218084, -0.008443888, 1.1292285e-08, 0.008685187, 0.9999623, 6.7055225e-08, 1.1900333, -2.644956e-07)
bones/27/position = Vector3(6.7055225e-08, 1.1900333, -2.644956e-07)
bones/28/rest = Transform3D(0.8849371, -0.0972499, -0.45544335, -0.012329887, 0.97271895, -0.23165987, 0.4655471, 0.21062006, 0.85959584, -1.0430813e-07, 1.0645273, 1.8253922e-07)
bones/28/position = Vector3(-1.0430813e-07, 1.0645273, 1.8253922e-07)
bones/29/rest = Transform3D(0.8150361, 0.57941, -2.1192552e-06, -0.57941, 0.81503606, -3.771156e-06, -4.577761e-07, 4.3015457e-06, 1, 0.06704283, 0.09745815, -2.9848889e-07)
bones/29/position = Vector3(0.06704283, 0.09745815, -2.9848889e-07)
bones/30/rest = Transform3D(1, 8.3917547e-07, -8.941877e-07, -1.0067056e-06, 0.9781606, -0.20785019, 7.002364e-07, 0.20785017, 0.9781607, -0.0014609881, 0.09462215, -9.84408e-07)
bones/30/position = Vector3(-0.0014609881, 0.09462215, -9.84408e-07)
bones/31/rest = Transform3D(1, -5.871084e-07, 1.67956e-06, 1.8030141e-07, 0.97256744, 0.23262116, -1.7700589e-06, -0.23262113, 0.97256756, 0.025720127, 0.1318816, -1.1175871e-07)
bones/31/position = Vector3(0.025720127, 0.1318816, -1.1175871e-07)
bones/32/rest = Transform3D(1, 6.146729e-08, -3.6880377e-07, -6.146728e-08, 1, 2.2351758e-08, 3.688037e-07, -2.2351731e-08, 1.0000001, -0.024259314, 0.12272963, 1.2665987e-07)
bones/32/position = Vector3(-0.024259314, 0.12272963, 1.2665987e-07)
bones/33/rest = Transform3D(0.9973074, 0.07127617, -0.017250435, -0.07333395, 0.9693213, -0.23460269, -3.6507845e-07, 0.23523602, 0.97193843, 9.685755e-08, 0.207705, 9.744614e-05)
bones/33/position = Vector3(9.685755e-08, 0.207705, 9.744614e-05)
bones/34/rest = Transform3D(1, -1.1587135e-06, 9.607581e-08, 1.1509663e-06, 0.99823624, 0.059365973, -1.6469451e-07, -0.05936597, 0.9982363, 0.0054935813, 0.19607393, 8.745119e-07)
bones/34/position = Vector3(0.0054935813, 0.19607393, 8.745119e-07)
bones/35/rest = Transform3D(1, 7.6283254e-07, 5.3558296e-08, -7.645365e-07, 0.9958242, 0.0912914, 1.630539e-08, -0.0912914, 0.9958242, 0.0003135139, 0.17293221, 9.0082176e-07)
bones/35/position = Vector3(0.0003135139, 0.17293221, 9.0082176e-07)
bones/36/rest = Transform3D(1, 1.1175871e-08, -2.9802322e-08, -1.1175871e-08, 1, 1.8626451e-08, 2.9802322e-08, -1.8626451e-08, 1, -0.0058066864, 0.15882912, 4.8661605e-07)
bones/36/position = Vector3(-0.0058066864, 0.15882912, 4.8661605e-07)
bones/37/rest = Transform3D(0.8150361, 0.57941, -2.1192552e-06, -0.57941, 0.81503606, -3.771156e-06, -4.577761e-07, 4.3015457e-06, 1, 0.06704283, 0.09745815, -2.9848889e-07)
bones/37/position = Vector3(0.06704283, 0.09745815, -2.9848889e-07)
bones/38/rest = Transform3D(1, 8.3917547e-07, -8.941877e-07, -1.0067056e-06, 0.9781606, -0.20785019, 7.002364e-07, 0.20785017, 0.9781607, -0.0014609881, 0.09462215, -9.84408e-07)
bones/38/position = Vector3(-0.0014609881, 0.09462215, -9.84408e-07)
bones/39/rest = Transform3D(1, -5.871084e-07, 1.67956e-06, 1.8030141e-07, 0.97256744, 0.23262116, -1.7700589e-06, -0.23262113, 0.97256756, 0.025720127, 0.1318816, -1.1175871e-07)
bones/39/position = Vector3(0.025720127, 0.1318816, -1.1175871e-07)
bones/40/rest = Transform3D(0.9973074, 0.07127617, -0.017250435, -0.07333395, 0.9693213, -0.23460269, -3.6507845e-07, 0.23523602, 0.97193843, 9.685755e-08, 0.207705, 9.744614e-05)
bones/40/position = Vector3(9.685755e-08, 0.207705, 9.744614e-05)
bones/41/rest = Transform3D(1, -1.1587135e-06, 9.607581e-08, 1.1509663e-06, 0.99823624, 0.059365973, -1.6469451e-07, -0.05936597, 0.9982363, 0.0054935813, 0.19607393, 8.745119e-07)
bones/41/position = Vector3(0.0054935813, 0.19607393, 8.745119e-07)
bones/42/rest = Transform3D(1, 7.6283254e-07, 5.3558296e-08, -7.645365e-07, 0.9958242, 0.0912914, 1.630539e-08, -0.0912914, 0.9958242, 0.0003135139, 0.17293221, 9.0082176e-07)
bones/42/position = Vector3(0.0003135139, 0.17293221, 9.0082176e-07)
bones/43/rest = Transform3D(-0.99999106, -0.004238375, 3.689253e-07, 0.00423814, -0.99993587, -0.010478701, 4.4781584e-05, -0.010478604, 0.9999451, 0.3576406, -0.20036888, -0.021084625)
bones/43/position = Vector3(0.3576406, -0.20036888, -0.021084625)
bones/44/rest = Transform3D(0.99969435, 0.024556104, 0.0028680013, -0.02472302, 0.9929537, 0.11589517, -1.8588034e-06, -0.115930654, 0.9932573, 2.8033014e-08, 1.6075017, -1.4303936e-09)
bones/44/position = Vector3(2.8033014e-08, 1.6075017, -1.4303936e-09)
bones/45/rest = Transform3D(0.9943249, -0.09675302, -0.044235326, 2.0861626e-07, 0.41580325, -0.9094545, 0.10638568, 0.90429324, 0.4134436, 3.052628e-08, 1.5658827, 4.4237822e-09)
bones/45/position = Vector3(3.052628e-08, 1.5658827, 4.4237822e-09)
bones/46/rest = Transform3D(0.99958074, -0.015218682, -0.02463282, -3.860332e-07, 0.8507249, -0.52561146, 0.028954864, 0.52539116, 0.8503681, 1.97615e-08, 0.4706275, 2.9802322e-08)
bones/46/position = Vector3(1.97615e-08, 0.4706275, 2.9802322e-08)
bones/47/rest = Transform3D(1, 1.4489342e-07, 1.2565215e-06, -1.4489342e-07, 1, -4.9277333e-09, -1.2565215e-06, 4.9275513e-09, 1, 6.0070306e-08, 0.18927835, -3.85171e-09)
bones/47/position = Vector3(6.0070306e-08, 0.18927835, -3.85171e-09)
bones/48/rest = Transform3D(-0.99999106, 0.004238281, 1.7131757e-07, -0.004237955, -0.9999134, -0.012456632, -5.2623414e-05, -0.01245652, 0.9999224, -0.3576406, -0.20036888, -0.015889062)
bones/48/position = Vector3(-0.3576406, -0.20036888, -0.015889062)
bones/49/rest = Transform3D(0.99969447, -0.024573745, -0.0026690434, 0.024718268, 0.9938396, 0.10803598, -2.2475142e-06, -0.10806894, 0.9941434, -3.670101e-08, 1.6075383, 2.6625813e-10)
bones/49/position = Vector3(-3.670101e-08, 1.6075383, 2.6625813e-10)
bones/50/rest = Transform3D(0.9937511, 0.100161865, 0.049257427, 1.937151e-07, 0.44130003, -0.89735967, -0.11161852, 0.8917522, 0.43854243, 1.22745405e-08, 1.5647274, -2.9511284e-08)
bones/50/position = Vector3(1.22745405e-08, 1.5647274, -2.9511284e-08)
bones/51/rest = Transform3D(0.99980664, 0.010703043, 0.016492851, -2.0023434e-08, 0.8388463, -0.54436857, -0.019661361, 0.5442633, 0.8386842, -3.2014214e-09, 0.45442507, -1.1175871e-08)
bones/51/position = Vector3(-3.2014214e-09, 0.45442507, -1.1175871e-08)
bones/52/rest = Transform3D(1, -1.3501995e-07, -2.420311e-07, 1.3501995e-07, 1, -1.4901177e-08, 2.420311e-07, 1.4901145e-08, 1, 1.9557774e-08, 0.18796925, 3.608875e-09)
bones/52/position = Vector3(1.9557774e-08, 0.18796925, 3.608875e-09)
bones/54/rest = Transform3D(0.99995, 7.3601825e-10, -0.009999834, 1.7688656e-11, 1, 7.5371865e-08, 0.009999834, -7.536827e-08, 0.99995, -0.0004868177, 3.5860364, 0.048680145)
bones/54/position = Vector3(-0.0004868177, 3.5860364, 0.048680145)
bones/55/rest = Transform3D(1, -3.5377368e-11, -8.742278e-08, -3.5377368e-11, -1, 7.190695e-12, -8.742278e-08, -7.1906916e-12, -1, -3.534352e-18, 0.3954227, -1.6585489e-09)
bones/55/position = Vector3(-3.534352e-18, 0.3954227, -1.6585489e-09)
bones/56/rest = Transform3D(1, -3.5377368e-11, -1.509958e-07, -3.5377368e-11, -1, -7.1977953e-12, -1.509958e-07, 7.1978005e-12, -1, 2.5673907e-16, 0.3954227, 1.6857484e-09)
bones/56/position = Vector3(2.5673907e-16, 0.3954227, 1.6857484e-09)
bones/57/rest = Transform3D(-0.99986535, -0.016406449, -0.00016552975, -0.016407272, 0.9998234, 0.009202271, 1.4523909e-05, 0.009203752, -0.9999576, 0.3576406, 0.5957916, 0.021084594)
bones/57/position = Vector3(0.3576406, 0.5957916, 0.021084594)
bones/58/rest = Transform3D(1, 1.7269509e-06, -1.22031315e-05, -2.7082626e-07, 0.9929744, 0.118329614, 1.2321746e-05, -0.118329614, 0.9929744, 2.376936e-08, 1.6075017, -2.415618e-09)
bones/58/position = Vector3(2.376936e-08, 1.6075017, -2.415618e-09)
bones/59/rest = Transform3D(-0.99986535, -0.016406449, -0.00016552975, -0.016407272, 0.9998234, 0.009202271, 1.4523909e-05, 0.009203752, -0.9999576, 0.3576406, 0.5957916, 0.021084594)
bones/59/position = Vector3(0.3576406, 0.5957916, 0.021084594)
bones/60/rest = Transform3D(1, 1.7320044e-06, -1.2201753e-05, -2.7385693e-07, 0.99295384, 0.1185029, 1.2321023e-05, -0.118502915, 0.9929537, 2.376936e-08, 1.6075017, -2.415618e-09)
bones/60/position = Vector3(2.376936e-08, 1.6075017, -2.415618e-09)
bones/61/rest = Transform3D(0.9952179, -0.09630131, 0.016351057, 0.0038481764, -0.12861061, -0.99168766, 0.09760375, 0.9870083, -0.12762497, -1.274492e-08, 1.5658818, 9.313226e-09)
bones/61/position = Vector3(-1.274492e-08, 1.5658818, 9.313226e-09)
bones/62/rest = Transform3D(0.9998369, -2.9974617e-05, -0.018054664, 0.009581718, 0.84843624, 0.52921087, 0.015302367, -0.52929765, 0.8482982, 2.8931026e-09, 3.761043e-08, 2.0134166e-08)
bones/62/position = Vector3(2.8931026e-09, 3.761043e-08, 2.0134166e-08)
bones/63/rest = Transform3D(0.99958074, -0.015218647, -0.024632808, -3.9674342e-07, 0.8507251, -0.5256113, 0.028954828, 0.5253909, 0.8503684, 1.02154445e-08, 0.4706273, 1.8626451e-08)
bones/63/position = Vector3(1.02154445e-08, 0.4706273, 1.8626451e-08)
bones/64/rest = Transform3D(-0.99986535, 0.016406124, 0.00018887212, 0.016407209, 0.9998039, 0.011088619, -6.9138173e-06, 0.011090225, -0.9999385, -0.3576406, 0.5957916, 0.015889093)
bones/64/position = Vector3(-0.3576406, 0.5957916, 0.015889093)
bones/65/rest = Transform3D(1, -8.000467e-07, 6.018565e-06, 1.291539e-07, 0.993859, 0.11065423, -6.070133e-06, -0.11065423, 0.993859, -2.9313838e-08, 1.6075383, 9.0221874e-10)
bones/65/position = Vector3(-2.9313838e-08, 1.6075383, 9.0221874e-10)
bones/66/rest = Transform3D(-0.99986535, 0.016406124, 0.00018887212, 0.016407209, 0.9998039, 0.011088619, -6.9138173e-06, 0.011090225, -0.9999385, -0.3576406, 0.5957916, 0.015889093)
bones/66/position = Vector3(-0.3576406, 0.5957916, 0.015889093)
bones/67/rest = Transform3D(1, -8.0887776e-07, 6.0220395e-06, 1.3648608e-07, 0.99383974, 0.11082767, -6.0745874e-06, -0.110827684, 0.9938396, -2.9313838e-08, 1.6075383, 9.0221874e-10)
bones/67/position = Vector3(-2.9313838e-08, 1.6075383, 9.0221874e-10)
bones/68/rest = Transform3D(0.9947347, 0.101172715, -0.016339298, -0.003804803, -0.12286532, -0.99241614, -0.102412954, 0.98725295, -0.12183344, -2.8465337e-09, 1.5647271, 1.0535587e-08)
bones/68/position = Vector3(-2.8465337e-09, 1.5647271, 1.0535587e-08)
bones/69/rest = Transform3D(0.99983305, 3.7442427e-05, 0.018276004, -0.010049659, 0.8363673, 0.5480772, -0.015264933, -0.54816943, 0.83622795, 3.748937e-09, 3.0692284e-08, -1.4574653e-08)
bones/69/position = Vector3(3.748937e-09, 3.0692284e-08, -1.4574653e-08)
bones/70/rest = Transform3D(0.9998065, 0.010703044, 0.016492855, -2.0954754e-08, 0.8388462, -0.5443684, -0.019661365, 0.5442631, 0.83868414, -3.7252903e-09, 0.454425, -1.4901161e-08)
bones/70/position = Vector3(-3.7252903e-09, 0.454425, -1.4901161e-08)
bones/71/rest = Transform3D(1, 1.7418386e-11, 3.0804575e-12, -1.768868e-11, 0.9847194, 0.17414853, 0, -0.17414851, 0.98471946, -6.2757785e-13, 0.35994363, -0.063656226)
bones/71/position = Vector3(-6.2757785e-13, 0.35994363, -0.063656226)
bones/72/rest = Transform3D(1, 1.7347234e-18, 4.3368087e-19, -1.7347235e-18, 0.99999994, -1.4901161e-08, -4.3368087e-19, 1.490116e-08, 1, 8.3761343e-19, 0.42645007, 5.2154064e-08)
bones/72/position = Vector3(8.3761343e-19, 0.42645007, 5.2154064e-08)
bones/73/rest = Transform3D(1, 8.161658e-27, 5.8161137e-26, -8.16166e-27, 1, 2.2351742e-08, -5.8161137e-26, -2.2351742e-08, 1, 7.1085834e-26, 0.48737162, 5.9604645e-08)
bones/73/position = Vector3(7.1085834e-26, 0.48737162, 5.9604645e-08)
bones/74/rest = Transform3D(1, -5.207312e-27, 3.342443e-26, 1.0948557e-26, 0.98471934, -0.17414851, -3.2006842e-26, 0.17414851, 0.9847194, 0, 0.5482935, 8.940697e-08)
bones/74/position = Vector3(0, 0.5482935, 8.940697e-08)
bones/75/rest = Transform3D(1, 1.624129e-27, 1.4608237e-27, -1.624129e-27, 1, 1.938e-08, -1.4608237e-27, -1.938e-08, 1, 0, 0.33868694, 0.1618628)
bones/75/position = Vector3(0, 0.33868694, 0.1618628)
bones/76/rest = Transform3D(-0.04181468, 0.9657542, -0.25606647, -0.0005566477, -0.25631306, -0.96659356, -0.9991251, -0.040275265, 0.011255236, 0.23687948, 0.48368442, -0.010183066)
bones/76/position = Vector3(0.23687948, 0.48368442, -0.010183066)
bones/77/rest = Transform3D(0.9842183, 0.004728059, 0.17689627, -0.039938472, 0.97978574, 0.19602272, -0.17239363, -0.19999406, 0.9645118, 1.6763806e-08, 0.49189305, 1.6018748e-07)
bones/77/position = Vector3(1.6763806e-08, 0.49189305, 1.6018748e-07)
bones/78/rest = Transform3D(0.97199225, -0.23501287, 4.4023113e-07, 0.23501287, 0.97199225, -3.978971e-07, -3.3439034e-07, 4.902129e-07, 1, 2.6077032e-08, 1.1902092, 9.781374e-08)
bones/78/position = Vector3(2.6077032e-08, 1.1902092, 9.781374e-08)
bones/79/rest = Transform3D(-0.03558147, 0.9972464, -0.06506622, 0.17632353, -0.057821512, -0.9826325, -0.98368895, -0.04643616, -0.17378068, 0.7119273, 0.3576063, -0.02999428)
bones/79/position = Vector3(0.7119273, 0.3576063, -0.02999428)
bones/80/rest = Transform3D(0.9719512, -0.23518248, 3.5585768e-07, 0.23518246, 0.97195125, -4.6948585e-07, -2.3546148e-07, 5.400089e-07, 0.99999994, 1.0244548e-08, 1.1902089, -3.249309e-07)
bones/80/position = Vector3(1.0244548e-08, 1.1902089, -3.249309e-07)
bones/81/rest = Transform3D(0.9560269, 0.05787828, 0.28751087, 0.0018304846, 0.9791366, -0.20319486, -0.29327297, 0.19478606, 0.9359751, 3.7252903e-08, 1.063747, -1.0050588e-06)
bones/81/position = Vector3(3.7252903e-08, 1.063747, -1.0050588e-06)
bones/82/rest = Transform3D(-0.051932227, -0.96575475, 0.25420776, 0.0005680026, -0.25457987, -0.9670516, 0.9986507, -0.050076764, 0.013769442, -0.23687948, 0.48411074, -0.012593597)
bones/82/position = Vector3(-0.23687948, 0.48411074, -0.012593597)
bones/83/rest = Transform3D(0.98407423, 0.009871601, -0.1774833, 0.025520382, 0.9802671, 0.19602273, 0.1759161, -0.19743034, 0.96440387, -2.9802322e-08, 0.4918929, 3.5390258e-07)
bones/83/position = Vector3(-2.9802322e-08, 0.4918929, 3.5390258e-07)
bones/84/rest = Transform3D(0.9722216, 0.23406196, -2.7094927e-07, -0.23406194, 0.9722217, -7.128412e-07, 9.657376e-08, 7.564586e-07, 1, 1.1175871e-08, 1.1900332, 1.2963173e-07)
bones/84/position = Vector3(1.1175871e-08, 1.1900332, 1.2963173e-07)
bones/85/rest = Transform3D(-0.03103232, -0.99739826, 0.0650664, -0.17605777, -0.058625415, -0.9826324, 0.98389053, -0.041948814, -0.17378043, -0.7119273, 0.3588852, -0.037225842)
bones/85/position = Vector3(-0.7119273, 0.3588852, -0.037225842)
bones/86/rest = Transform3D(0.97218084, 0.23423156, -3.9692318e-07, -0.2342316, 0.97218066, -8.413856e-07, 1.8880205e-07, 9.109508e-07, 0.99999994, -1.5832484e-08, 1.1900337, 1.7554905e-07)
bones/86/position = Vector3(-1.5832484e-08, 1.1900337, 1.7554905e-07)
bones/87/rest = Transform3D(0.95364857, -0.059477378, -0.29498604, -0.005741566, 0.97649777, -0.21545076, 0.30086765, 0.20715798, 0.9308943, 0, 1.0645278, -2.2185436e-07)
bones/87/position = Vector3(0, 1.0645278, -2.2185436e-07)
bones/88/rest = Transform3D(-0.99537265, 0.09631112, 5.94388e-05, 5.9717684e-05, 0, 1, 0.09631319, 0.99535125, -5.751354e-06, 0.30578566, 0.22558446, -0.18706095)
bones/88/position = Vector3(0.30578566, 0.22558446, -0.18706095)
bones/89/rest = Transform3D(0.99983704, -3.1047497e-05, -0.018052947, 0.009581722, 0.84843606, 0.52921104, 0.015300341, -0.5292977, 0.84829813, -2.2364475e-08, -7.423089e-09, 2.1080723e-08)
bones/89/position = Vector3(-2.2364475e-08, -7.423089e-09, 2.1080723e-08)
bones/90/rest = Transform3D(0.99983704, 0.00958173, 0.015300345, -3.1055883e-05, 0.84843624, -0.5292977, -0.01805295, 0.5292109, 0.84829843, -1.094304e-08, -3.3527613e-08, 9.313226e-09)
bones/90/position = Vector3(-1.094304e-08, -3.3527613e-08, 9.313226e-09)
bones/91/rest = Transform3D(0.99958074, -0.015218116, -0.024632571, -7.23172e-07, 0.85072494, -0.52561116, 0.028954355, 0.52539086, 0.85036826, -3.320747e-08, 0.4706274, 2.7939677e-08)
bones/91/position = Vector3(-3.320747e-08, 0.4706274, 2.7939677e-08)
bones/92/rest = Transform3D(1, -4.4383444e-09, 5.379195e-07, 4.438324e-09, 1, 3.7756763e-08, -5.379195e-07, -3.7756763e-08, 1, -1.5948899e-08, -1.4988473e-08, 5.9817467e-09)
bones/92/position = Vector3(-1.5948899e-08, -1.4988473e-08, 5.9817467e-09)
bones/93/rest = Transform3D(1, 4.1807656e-08, 3.8433654e-07, -4.180765e-08, 1, -1.9299486e-08, -3.8433654e-07, 1.9299469e-08, 1, -2.2293534e-08, 0.09463916, 9.0403773e-10)
bones/93/position = Vector3(-2.2293534e-08, 0.09463916, 9.0403773e-10)
bones/94/rest = Transform3D(0.99988294, 7.450935e-08, -0.015300083, -7.45004e-08, 1, 1.1548794e-09, 0.015300083, -1.488198e-11, 0.99988294, -0.14117679, -0.001353167, -0.25126222)
bones/94/position = Vector3(-0.14117679, -0.001353167, -0.25126222)
bones/95/rest = Transform3D(1.0000001, -7.4693505e-09, 5.820766e-10, 7.4693505e-09, 1.0000001, 2.211467e-09, -5.8207666e-10, -2.2114672e-09, 1, 0.2823575, 0.0027062763, 3.8396684e-07)
bones/95/position = Vector3(0.2823575, 0.0027062763, 3.8396684e-07)
bones/96/rest = Transform3D(1.0000001, -8.1948166e-08, 1.3533282e-09, 8.1948166e-08, 1.0000001, -2.455736e-09, -1.3533281e-09, 2.4557363e-09, 1, -0.14117871, -0.0013531651, -1.9519939e-07)
bones/96/position = Vector3(-0.14117871, -0.0013531651, -1.9519939e-07)
bones/97/rest = Transform3D(0.99938816, -0.02479791, -0.02467134, 0.024900032, 0.99968266, 0.0038405838, 0.024568269, -0.00445255, 0.9996885, -0.0046937177, 0.58851576, -0.00084275124)
bones/97/position = Vector3(-0.0046937177, 0.58851576, -0.00084275124)
bones/98/rest = Transform3D(1, -1.7316738e-09, 8.011514e-07, 1.731682e-09, 1, -1.0160874e-08, -8.011514e-07, 1.0160876e-08, 1, 2.089655e-08, -4.665344e-08, -1.7798811e-09)
bones/98/position = Vector3(2.089655e-08, -4.665344e-08, -1.7798811e-09)
bones/99/rest = Transform3D(0.9995807, -6.803303e-07, 0.028955175, -0.015218586, 0.8507249, 0.5253908, -0.024633246, -0.52561116, 0.8503682, 3.032619e-08, -0.18927845, -2.2158474e-08)
bones/99/position = Vector3(3.032619e-08, -0.18927845, -2.2158474e-08)
bones/100/rest = Transform3D(-0.9998362, -1.7089587e-08, 0.018103031, 1.7161245e-08, -1, 3.803098e-09, 0.018103031, 4.113145e-09, 0.99983615, 2.0954758e-08, -0.4706274, -2.0489097e-08)
bones/100/position = Vector3(2.0954758e-08, -0.4706274, -2.0489097e-08)
bones/101/rest = Transform3D(0.9788939, -5.7767363e-07, -0.2043689, -0.20436887, 4.776678e-07, -0.978894, 6.631016e-07, 0.9999999, 3.4952768e-07, -5.7742e-07, 3.3155084e-07, 0.94125485)
bones/101/position = Vector3(-5.7742e-07, 3.3155084e-07, 0.94125485)
bones/102/rest = Transform3D(0.99999994, -2.0118025e-08, 6.1038963e-07, 2.0118023e-08, 1, -1.982637e-10, -6.103896e-07, 1.9827598e-10, 1, 3.486639e-08, -0.18927842, -1.670287e-09)
bones/102/position = Vector3(3.486639e-08, -0.18927842, -1.670287e-09)
bones/103/rest = Transform3D(1, 1.1175867e-08, -1.2569501e-09, -1.1175867e-08, 1, -7.8710313e-13, 1.2569501e-09, 7.871172e-13, 1, 3.7125574e-09, -0.4791568, 2.1080723e-08)
bones/103/position = Vector3(3.7125574e-09, -0.4791568, 2.1080723e-08)
bones/104/rest = Transform3D(1, 0, 0, 0, 1, 0, 0, 0, 1, 0.328229, 1.5932956, 2.7392745)
bones/104/position = Vector3(0.328229, 1.5932956, 2.7392745)
bones/105/rest = Transform3D(-0.9948937, -0.10118408, -7.1878865e-05, -7.225762e-05, 5.9604105e-08, 1, -0.10118672, 0.9948677, -7.3704286e-06, -0.30578566, 0.2255845, -0.17568485)
bones/105/position = Vector3(-0.30578566, 0.2255845, -0.17568485)
bones/106/rest = Transform3D(0.9998329, 3.886595e-05, 0.018273862, -0.0100496765, 0.8363672, 0.5480773, -0.015262359, -0.5481695, 0.83622783, -1.195076e-09, 4.1020765e-08, 2.1435994e-08)
bones/106/position = Vector3(-1.195076e-09, 4.1020765e-08, 2.1435994e-08)
bones/107/rest = Transform3D(0.9998329, -0.010049672, -0.015262361, 3.8859896e-05, 0.83636725, -0.5481695, 0.018273862, 0.5480774, 0.8362279, -7.916242e-09, -1.0430813e-07, -5.2154064e-08)
bones/107/position = Vector3(-7.916242e-09, -1.0430813e-07, -5.2154064e-08)
bones/108/rest = Transform3D(0.99980664, 0.010702534, 0.016492527, 2.3236497e-07, 0.83884615, -0.54436857, -0.019660814, 0.54426324, 0.838684, 0, 0.454425, 1.4901161e-08)
bones/108/position = Vector3(0, 0.454425, 1.4901161e-08)
bones/109/rest = Transform3D(0.99999994, 8.731146e-09, -3.6300116e-07, -8.731152e-09, 1, -2.0372678e-08, 3.630012e-07, 2.0372683e-08, 0.9999999, 4.0745363e-09, -9.764335e-09, -4.7002686e-09)
bones/109/position = Vector3(4.0745363e-09, -9.764335e-09, -4.7002686e-09)
bones/110/rest = Transform3D(0.9999999, -1.733861e-08, -3.7056816e-07, 1.7338603e-08, 0.99999994, -1.9790608e-08, 3.7056816e-07, 1.9790601e-08, 0.9999999, -1.1292286e-08, 0.09398462, 6.693881e-10)
bones/110/position = Vector3(-1.1292286e-08, 0.09398462, 6.693881e-10)
bones/111/rest = Transform3D(0.9998835, -7.448967e-09, 0.015260581, 7.4493007e-09, 0.9999999, 3.500094e-11, -0.01526058, 7.86838e-11, 0.99988353, 0.1363188, -0.0013704225, -0.25118256)
bones/111/position = Vector3(0.1363188, -0.0013704225, -0.25118256)
bones/112/rest = Transform3D(0.99999994, -1.5647883e-07, 1.5206753e-09, 1.5647883e-07, 0.9999999, -3.7917953e-11, -1.5206751e-09, 3.791819e-11, 1, -0.27263406, 0.0027408581, 7.916533e-07)
bones/112/position = Vector3(-0.27263406, 0.0027408581, 7.916533e-07)
bones/113/rest = Transform3D(1, 7.079183e-08, -6.548363e-11, -7.079183e-08, 1, 3.9064866e-11, 6.5483625e-11, -3.906486e-11, 1.0000001, 0.13631703, -0.0013704338, -3.936584e-07)
bones/113/position = Vector3(0.13631703, -0.0013704338, -3.936584e-07)
bones/114/rest = Transform3D(0.9996478, 0.020751072, 0.016538106, -0.020823285, 0.9997741, 0.0042059477, -0.016447097, -0.004548844, 0.9998543, 0.003900546, 0.5679931, -0.0008550421)
bones/114/position = Vector3(0.003900546, 0.5679931, -0.0008550421)
bones/115/rest = Transform3D(1, -4.707545e-08, -6.5134003e-07, 4.7075442e-08, 1, -1.2863909e-08, 6.513401e-07, 1.2863879e-08, 0.99999994, -9.837095e-09, -1.4001853e-07, -5.529728e-10)
bones/115/position = Vector3(-9.837095e-09, -1.4001853e-07, -5.529728e-10)
bones/116/rest = Transform3D(0.9998067, 1.5366822e-07, -0.019661773, 0.010703116, 0.8388463, 0.5442632, 0.016493287, -0.5443683, 0.8386843, 1.4551915e-08, -0.1879695, 2.590241e-09)
bones/116/position = Vector3(1.4551915e-08, -0.1879695, 2.590241e-09)
bones/117/rest = Transform3D(-0.99983186, 7.494794e-09, -0.018333292, -8.028408e-09, -0.99999994, 2.9032678e-08, -0.01833329, 2.9174986e-08, 0.9998319, -3.282912e-08, -0.45442495, 9.313226e-09)
bones/117/position = Vector3(-3.282912e-08, -0.45442495, 9.313226e-09)
bones/118/rest = Transform3D(0.97574043, 5.226031e-07, 0.21893004, 0.21893, 1.211194e-07, -0.97574055, -5.3644175e-07, 0.99999994, 3.76759e-09, 4.796311e-07, 1.2293458e-07, 0.9088499)
bones/118/position = Vector3(4.796311e-07, 1.2293458e-07, 0.9088499)
bones/119/rest = Transform3D(1, -2.5029296e-08, -4.511494e-07, 2.5029294e-08, 1, -2.2992082e-09, 4.5114942e-07, 2.299197e-09, 0.99999994, 7.21775e-09, -0.18796945, -1.0768417e-09)
bones/119/position = Vector3(7.21775e-09, -0.18796945, -1.0768417e-09)
bones/120/rest = Transform3D(0.99999994, -7.450574e-09, 1.8662547e-09, 7.4505744e-09, 0.9999999, 1.2061482e-12, -1.8662545e-09, -1.2061343e-12, 1, -8.645657e-09, -0.45607945, 2.1433607e-08)
bones/120/position = Vector3(-8.645657e-09, -0.45607945, 2.1433607e-08)
bones/121/rest = Transform3D(1, 0, 0, 0, 1, 0, 0, 0, 1, -0.32831612, 1.5985935, 2.7418547)
bones/121/position = Vector3(-0.32831612, 1.5985935, 2.7418547)
bones/122/rest = Transform3D(1, 0, 0, 0, 0.99999994, 5.9604645e-08, 0, -5.9604645e-08, 0.99999994, 1.9894475, 5.109457, -1.4951079)
bones/122/position = Vector3(1.9894475, 5.109457, -1.4951079)
bones/123/rest = Transform3D(0.21203089, 0.9561444, -0.20206451, 0.28007156, -0.25754502, -0.92478657, -0.93627065, 0.13949077, -0.32239652, 2.9388235, 5.047551, -0.09521662)
bones/123/position = Vector3(2.9388235, 5.047551, -0.09521662)
bones/124/rest = Transform3D(1, 0, 0, 0, 1, 0, 0, 0, 1, -1.9943562, 5.1091404, -1.4964584)
bones/124/position = Vector3(-1.9943562, 5.1091404, -1.4964584)
bones/125/rest = Transform3D(0.21920866, -0.9525824, 0.21103273, -0.28721437, -0.26971138, -0.9191104, 0.9324461, 0.14086533, -0.33271834, -2.9388235, 5.0475507, -0.09323684)
bones/125/position = Vector3(-2.9388235, 5.0475507, -0.09323684)

[node name="cs_arm_fk" parent="cs_grp" parent_id_path=PackedInt32Array(316910853) index="0" unique_id=630778404]
transform = Transform3D(0.8220944, 0, 0, 0, 0.8220944, 0, 0, 0, 0.8220944, 1.5, 8.5, 0)

[node name="cs_calf_fk" parent="cs_grp" parent_id_path=PackedInt32Array(316910853) index="1" unique_id=801705951]
transform = Transform3D(0.8220944, 0, 0, 0, 0.8220944, 0, 0, 0, 0.8220944, 0.5, 8.5, 0)

[node name="cs_circle" parent="cs_grp" parent_id_path=PackedInt32Array(316910853) index="2" unique_id=1393951860]
transform = Transform3D(0.2055236, 0, 0, 0, 0.2055236, 0, 0, 0, 0.2055236, 0.5, 4.5, 0)

[node name="cs_circle_025" parent="cs_grp" parent_id_path=PackedInt32Array(316910853) index="3" unique_id=366325]
transform = Transform3D(0.2055236, 0, 0, 0, 0.2055236, 0, 0, 0, 0.2055236, 2.5, 4.5, 0)

[node name="cs_foot" parent="cs_grp" parent_id_path=PackedInt32Array(316910853) index="4" unique_id=105416081]
transform = Transform3D(0.30824634, 0, 0, 0, -0.30824634, 1.0043941e-07, 0, -1.0043941e-07, -0.30824634, 0.5, 10.5, 0)

[node name="cs_foot_01" parent="cs_grp" parent_id_path=PackedInt32Array(316910853) index="5" unique_id=166245510]
transform = Transform3D(0, 0, 2.1864574, 0, 2.1864574, 0, -2.1864574, 0, 0, 0.5, 18.5, 0)

[node name="cs_foot_roll" parent="cs_grp" parent_id_path=PackedInt32Array(316910853) index="6" unique_id=1479951876]
transform = Transform3D(0.5915815, 0, 0, 0, 0.5915815, 0, 0, 0, 0.5915815, 0.5, 12.5, 0)

[node name="cs_forearm_fk" parent="cs_grp" parent_id_path=PackedInt32Array(316910853) index="7" unique_id=1329040191]
transform = Transform3D(0.8220944, 0, 0, 0, 0.8220944, 0, 0, 0, 0.8220944, 2.5, 8.5, 0)

[node name="cs_head" parent="cs_grp" parent_id_path=PackedInt32Array(316910853) index="9" unique_id=381583322]
transform = Transform3D(0.2055236, 0, 0, 0, 0.2055236, 0, 0, 0, 0.2055236, 0.5, 13.5, 0)

[node name="cs_hips" parent="cs_grp" parent_id_path=PackedInt32Array(316910853) index="10" unique_id=1192224173]
transform = Transform3D(0.2055236, 0, 0, 0, 0.2055236, 0, 0, 0, 0.2055236, 0.5, 11.5, 0)

[node name="cs_master" parent="cs_grp" parent_id_path=PackedInt32Array(316910853) index="11" unique_id=1257920434]
transform = Transform3D(0.100000024, 0, 0, 0, 0.100000024, 0, 0, 0, 0.100000024, 0.5, 17.5, 0)

[node name="cs_neck" parent="cs_grp" parent_id_path=PackedInt32Array(316910853) index="12" unique_id=2030552822]
transform = Transform3D(0.2055236, 0, 0, 0, 0.2055236, 0, 0, 0, 0.2055236, 0.5, 14.5, 0)

[node name="cs_shoulder_left" parent="cs_grp" parent_id_path=PackedInt32Array(316910853) index="13" unique_id=2064050674]
transform = Transform3D(0, -2.9297246e-07, -1.0384307, 2.9297246e-07, -1.0384307, 2.9297246e-07, -1.0384307, -2.9297246e-07, 8.265632e-14, 0.5, 15.5, 0)

[node name="cs_shoulder_right" parent="cs_grp" parent_id_path=PackedInt32Array(316910853) index="14" unique_id=343020596]
transform = Transform3D(0, -2.9297246e-07, -1.0384307, 2.9297246e-07, -1.0384307, 2.9297246e-07, -1.0384307, -2.9297246e-07, 8.265632e-14, 0.5, 16.5, 0)

[node name="cs_sphere_012" parent="cs_grp" parent_id_path=PackedInt32Array(316910853) index="15" unique_id=1128799604]
transform = Transform3D(0.2055236, 0, 0, 0, 0.2055236, 0, 0, 0, 0.2055236, 3.5, 2.5, 0)

[node name="cs_square_2" parent="cs_grp" parent_id_path=PackedInt32Array(316910853) index="16" unique_id=1193209600]
transform = Transform3D(0.15412317, 0, 0, 0, -0.15412317, 5.0219704e-08, 0, -5.0219704e-08, -0.15412317, 0.5, 1.4966992, 0)

[node name="cs_thigh_fk" parent="cs_grp" parent_id_path=PackedInt32Array(316910853) index="17" unique_id=81289830]
transform = Transform3D(0.8220944, 0, 0, 0, 0.8220944, 0, 0, 0, 0.8220944, 0.5, 7.5, 0)

[node name="cs_toe" parent="cs_grp" parent_id_path=PackedInt32Array(316910853) index="18" unique_id=829492604]
transform = Transform3D(0.42926088, 0, 0, 0, 0.42926088, 0, 0, 0, 0.42926088, 0.5, 9.5, 0)

[node name="cs_user_Ctrl_Hand_FK_Left" parent="cs_grp" parent_id_path=PackedInt32Array(316910853) index="19" unique_id=850650539]
transform = Transform3D(0.2055236, 0, 0, 0, 0.2055236, 0, 0, 0, 0.2055236, 0.5, 4.5, 0)

[node name="cs_user_Ctrl_Hand_FK_Right" parent="cs_grp" parent_id_path=PackedInt32Array(316910853) index="20" unique_id=1500895214]
transform = Transform3D(0.2055236, 0, 0, 0, 0.2055236, 0, 0, 0, 0.2055236, 0.5, 4.5, 0)

[node name="cs_user_Ctrl_Hand_IK_Left" parent="cs_grp" parent_id_path=PackedInt32Array(316910853) index="21" unique_id=376875917]
transform = Transform3D(0.2055236, 0, 0, 0, 0.2055236, 0, 0, 0, 0.2055236, 0.5, 4.5, 0)

[node name="cs_user_Ctrl_Hand_IK_Right" parent="cs_grp" parent_id_path=PackedInt32Array(316910853) index="22" unique_id=765239946]
transform = Transform3D(0.2055236, 0, 0, 0, 0.2055236, 0, 0, 0, 0.2055236, 0.5, 4.5, 0)

[node name="cs_user_Ctrl_Head" parent="cs_grp" parent_id_path=PackedInt32Array(316910853) index="23" unique_id=654134591]
transform = Transform3D(0.2055236, 0, 0, 0, 0.2055236, 0, 0, 0, 0.2055236, 0.5, 13.5, 0)

[node name="cs_user_Ctrl_Hips" parent="cs_grp" parent_id_path=PackedInt32Array(316910853) index="24" unique_id=715649365]
transform = Transform3D(0.15412317, 0, 0, 0, -0.15412317, 5.0219704e-08, 0, -5.0219704e-08, -0.15412317, 0.5, 1.4966992, 0)

[node name="cs_user_Ctrl_Hips_Free" parent="cs_grp" parent_id_path=PackedInt32Array(316910853) index="25" unique_id=1868620162]
transform = Transform3D(0.2055236, 0, 0, 0, 0.2055236, 0, 0, 0, 0.2055236, 0.5, 11.5, 0)

[node name="cs_user_Ctrl_Neck" parent="cs_grp" parent_id_path=PackedInt32Array(316910853) index="26" unique_id=1444175543]
transform = Transform3D(0.2055236, 0, 0, 0, 0.2055236, 0, 0, 0, 0.2055236, 0.5, 14.5, 0)

[node name="cs_user_Ctrl_Spine" parent="cs_grp" parent_id_path=PackedInt32Array(316910853) index="27" unique_id=393552431]
transform = Transform3D(0.2055236, 0, 0, 0, 0.2055236, 0, 0, 0, 0.2055236, 0.5, 4.5, 0)

[node name="cs_user_Ctrl_Spine1" parent="cs_grp" parent_id_path=PackedInt32Array(316910853) index="28" unique_id=915087213]
transform = Transform3D(0.2055236, 0, 0, 0, 0.2055236, 0, 0, 0, 0.2055236, 0.5, 4.5, 0)

[node name="cs_user_Ctrl_Spine2" parent="cs_grp" parent_id_path=PackedInt32Array(316910853) index="29" unique_id=1344160665]
transform = Transform3D(0.2055236, 0, 0, 0, 0.2055236, 0, 0, 0, 0.2055236, 0.5, 4.5, 0)
